{
  "advancedEditorSelectedIdentifier" : "ProjectBrowser",
  "openSceneRelativePaths" : [
    "Immersive.usda"
  ],
  "recentIdentifiers" : {

  },
  "sceneCameraHistory" : {
    "AF09ED6F-1707-48FD-8720-65B998362C09" : [
      {
        "date" : 770268326.165246,
        "title" : "Untitled",
        "transform" : [
          0.42191526,
          8.567639e-09,
          0.9066353,
          0,
          -0.16108578,
          0.98408943,
          0.074963495,
          0,
          -0.8922101,
          -0.1776742,
          0.41520238,
          0,
          -10.561054,
          3.0039816,
          2.8507428,
          1
        ]
      },
      {
        "date" : 770264666.421691,
        "title" : "Untitled",
        "transform" : [
          -0.11248192,
          -4.8596593e-09,
          0.9936538,
          0,
          -0.43244758,
          0.90032923,
          -0.04895319,
          0,
          -0.89461565,
          -0.43520948,
          -0.10127075,
          0,
          -11.265951,
          -0.11287713,
          -3.289909,
          1
        ]
      },
      {
        "date" : 770264523.422518,
        "title" : "Untitled",
        "transform" : [
          0.9996756,
          1.1220494e-10,
          0.025471337,
          0,
          0.0013361456,
          0.9986232,
          -0.052439813,
          0,
          -0.02543627,
          0.052456833,
          0.99829924,
          0,
          -0.24017806,
          5.8170233,
          9.682943,
          1
        ]
      },
      {
        "date" : 770264522.034103,
        "title" : "Untitled",
        "transform" : [
          0.9996756,
          1.1220494e-10,
          0.025471337,
          0,
          0.0013361456,
          0.9986232,
          -0.052439813,
          0,
          -0.02543627,
          0.052456833,
          0.99829924,
          0,
          -0.28666723,
          6.942973,
          11.557186,
          1
        ]
      },
      {
        "date" : 770264512.470862,
        "title" : "Untitled",
        "transform" : [
          0.9996756,
          1.1220494e-10,
          0.025471337,
          0,
          0.0013361456,
          0.9986232,
          -0.052439813,
          0,
          -0.02543627,
          0.052456833,
          0.99829924,
          0,
          -0.21807118,
          5.281602,
          8.791691,
          1
        ]
      },
      {
        "date" : 770264509.955747,
        "title" : "Untitled",
        "transform" : [
          0.9996756,
          1.1220494e-10,
          0.025471337,
          0,
          0.0013361456,
          0.9986232,
          -0.052439813,
          0,
          -0.02543627,
          0.052456833,
          0.99829924,
          0,
          -0.20859137,
          5.229976,
          8.417677,
          1
        ]
      },
      {
        "date" : 770264498.649856,
        "title" : "Untitled",
        "transform" : [
          0.9996756,
          1.1220494e-10,
          0.025471337,
          0,
          0.0013361456,
          0.9986232,
          -0.052439813,
          0,
          -0.02543627,
          0.052456833,
          0.99829924,
          0,
          -0.23121862,
          5.6614885,
          9.329413,
          1
        ]
      },
      {
        "date" : 770264492.934805,
        "title" : "Untitled",
        "transform" : [
          0.9996756,
          1.1220494e-10,
          0.025471337,
          0,
          0.0013361456,
          0.9986232,
          -0.052439813,
          0,
          -0.02543627,
          0.052456833,
          0.99829924,
          0,
          -0.23890054,
          5.8495846,
          9.639371,
          1
        ]
      },
      {
        "date" : 770264479.168134,
        "title" : "Untitled",
        "transform" : [
          -0.8012437,
          1.7616157e-08,
          -0.59833825,
          0,
          -0.5240065,
          0.48272932,
          0.7017048,
          0,
          0.2888354,
          0.8757696,
          -0.38678372,
          0,
          0.44421238,
          1.23297,
          1.5026445,
          1
        ]
      },
      {
        "date" : 770264476.256952,
        "title" : "Untitled",
        "transform" : [
          -0.8012437,
          1.7616157e-08,
          -0.59833825,
          0,
          -0.5240065,
          0.48272932,
          0.7017048,
          0,
          0.2888354,
          0.8757696,
          -0.38678372,
          0,
          0.47842515,
          1.2088335,
          1.4735426,
          1
        ]
      }
    ]
  },
  "sceneViewportBackgroundColors" : {

  }
}