{
  "advancedEditorSelectedIdentifier" : "ProjectBrowser",
  "openSceneRelativePaths" : [
    "Immersive.usda",
    "CloudShoe.usda",
    "EndParticles.usda"
  ],
  "recentIdentifiers" : {

  },
  "sceneCameraHistory" : {
    "0C0E87EE-3EFD-4BF9-AE92-DE03AD30C97A" : [
      {
        "date" : 770787147.297447,
        "title" : "Untitled",
        "transform" : [
          1,
          0,
          0,
          0,
          0,
          0.7071069,
          -0.70710677,
          0,
          0,
          0.70710677,
          0.7071069,
          0,
          -0.17854202,
          1.7680529,
          1.8895282,
          1
        ]
      }
    ],
    "0C2C7204-D335-4AC6-A999-46B9E0666149" : [
      {
        "date" : 770698369.155416,
        "title" : "Untitled",
        "transform" : [
          1,
          0,
          0,
          0,
          0,
          0.7071069,
          -0.70710677,
          0,
          0,
          0.70710677,
          0.7071069,
          0,
          0,
          0.7167681,
          0.71676826,
          1
        ]
      }
    ],
    "AF09ED6F-1707-48FD-8720-65B998362C09" : [
      {
        "date" : 770698180.644384,
        "title" : "Untitled",
        "transform" : [
          0.65333676,
          5.13898e-09,
          0.7570675,
          0,
          0.32614514,
          0.90244716,
          -0.2814579,
          0,
          -0.68321335,
          0.43080074,
          0.5896018,
          0,
          -3.0076265,
          2.9507096,
          0.21040314,
          1
        ]
      },
      {
        "date" : 770696747.382794,
        "title" : "Untitled",
        "transform" : [
          0.65333676,
          5.13898e-09,
          0.7570675,
          0,
          0.32614514,
          0.90244716,
          -0.2814579,
          0,
          -0.68321335,
          0.43080074,
          0.5896018,
          0,
          -2.0975332,
          2.0578392,
          0.14673616,
          1
        ]
      },
      {
        "date" : 770696743.118685,
        "title" : "Untitled",
        "transform" : [
          0.6923733,
          5.133801e-09,
          0.72153956,
          0,
          0.4164015,
          0.8166725,
          -0.39956966,
          0,
          -0.5892614,
          0.5771016,
          0.56544214,
          0,
          -1.8184925,
          2.312783,
          -0.00031978247,
          1
        ]
      },
      {
        "date" : 770696733.500993,
        "title" : "Untitled",
        "transform" : [
          0.64036787,
          8.902557e-09,
          0.76806843,
          0,
          0.28797823,
          0.9270498,
          -0.24009839,
          0,
          -0.71203756,
          0.37493834,
          0.5936529,
          0,
          -1.7793537,
          1.58268,
          0.15365204,
          1
        ]
      },
      {
        "date" : 770696391.474171,
        "title" : "Untitled",
        "transform" : [
          0.7000498,
          6.206185e-09,
          0.71409404,
          0,
          -0.09257489,
          0.9915612,
          0.09075421,
          0,
          -0.70806783,
          -0.12963955,
          0.69414234,
          0,
          -2.181883,
          0.6571669,
          0.70859206,
          1
        ]
      },
      {
        "date" : 770681083.495636,
        "title" : "Untitled",
        "transform" : [
          0.7000498,
          6.206185e-09,
          0.71409404,
          0,
          -0.09257489,
          0.9915612,
          0.09075421,
          0,
          -0.70806783,
          -0.12963955,
          0.69414234,
          0,
          -3.0268106,
          0.91165257,
          0.98299205,
          1
        ]
      },
      {
        "date" : 770681058.440031,
        "title" : "Untitled",
        "transform" : [
          0.67514724,
          6.522445e-09,
          0.73768306,
          0,
          -0.1958255,
          0.9641218,
          0.17922474,
          0,
          -0.71121633,
          -0.26546016,
          0.65092427,
          0,
          -3.028401,
          0.84306324,
          0.961167,
          1
        ]
      },
      {
        "date" : 770681054.249817,
        "title" : "Untitled",
        "transform" : [
          0.3174249,
          8.070398e-09,
          0.9482835,
          0,
          -0.13897216,
          0.98920316,
          0.04651902,
          0,
          -0.9380449,
          -0.14655119,
          0.31399772,
          0,
          -3.142949,
          0.9031123,
          0.7910191,
          1
        ]
      },
      {
        "date" : 770679114.032252,
        "title" : "Untitled",
        "transform" : [
          0.42191526,
          8.567639e-09,
          0.9066353,
          0,
          -0.16108578,
          0.98408943,
          0.074963495,
          0,
          -0.8922101,
          -0.1776742,
          0.41520238,
          0,
          -3.1198025,
          0.88739514,
          0.84212744,
          1
        ]
      },
      {
        "date" : 770268326.165246,
        "title" : "Untitled",
        "transform" : [
          0.42191526,
          8.567639e-09,
          0.9066353,
          0,
          -0.16108578,
          0.98408943,
          0.074963495,
          0,
          -0.8922101,
          -0.1776742,
          0.41520238,
          0,
          -10.561054,
          3.0039816,
          2.8507428,
          1
        ]
      }
    ]
  },
  "sceneViewportBackgroundColors" : {

  },
  "selectedSceneRelativePath" : "CloudShoe.usda"
}